49,3
0,273
0,270
27,1
27,3
10,125
11,12
8,15
10,245
10,149
10,159
10,71
10,223
10,225
10,229
10,169
11,11
11,9
11,27
11,17
11,29
11,25
9,5
8,11
8,14
8,8
8,16
51,2
51,0
49,2
49,1
49,0
48,4
48,3
48,2
48,1
48,0
47,5
47,4
47,3
47,2
47,1
47,0
46,4
46,3
46,2
46,1
46,0
44,5
44,4
44,3
44,2
44,1
44,0
41,5
41,4
41,3
41,2
41,1
41,0
39,5
39,4
39,3
39,2
39,1
39,0
30,5
30,1
20,3
20,2
20,1
19,3
19,2
19,1
12,3
12,2
12,1
11,28
11,24
11,22
11,20
11,16
11,14
11,10
11,4
11,3
11,2
11,1
10,268
10,246
18,1
18,3
10,210
10,164
14,1
10,158
14,3
10,122
13,1
13,3
10,112
10,92
10,3
10,2
10,1
9,7
